31415926535897932384626433832795028841971693993751058209749445923078164062862089986280348253421170679821480865132823066470938446
09550582231725359408128481117450284102701938521105559644622948954930381964428810975665933446128475648233786783165271201909145648
56692346034861045432664821339360726024914127372458700660631558817488152092096282925409171536436789259036001133053054882046652138
41469519415116094330572703657595919530921861173819326117931051185480744623799627495673518857527248912279381830119491298336733624
40656643086021394946395224737190702179860943702770539217176293176752384674818467669405132000568127145263560827785771342757789609
17363717872146844090122495343014654958537105079227968925892354201995611212902196086403441815981362977477130996051870721134999999
83729780499510597317328160963185950244594553469083026425223082533446850352619311881710100031378387528865875332083814206171776691
47303598253490428755468731159562863882353787593751957781857780532171226806613001927876611195909216420198938095257201065485863278
86593615338182796823030195203530185296899577362259941389124972177528347913151557485724245415069595082953311686172785588907509838
17546374649393192550604009277016711390098488240128583616035637076601047101819429555961989467678374494482553797747268471040475346
46208046684259069491293313677028989152104752162056966024058038150193511253382430035587640247496473263914199272604269922796782354
78163600934172164121992458631503028618297455570674983850549458858692699569092721079750930295532116534498720275596023648066549911
98818347977535663698074265425278625518184175746728909777727938000816470600161452491921732172147723501414419735685481613611573525
52133475741849468438523323907394143334547762416862518983569485562099219222184272550254256887671790494601653466804988627232791786
08578438382796797668145410095388378636095068006422512520511739298489608412848862694560424196528502221066118630674427862203919494
50471237137869609563643719172874677646575739624138908658326459958133904780275900994657640789512694683983525957098258226205224894
07726719478268482601476990902640136394437455305068203496252451749399651431429809190659250937221696461515709858387410597885959772
97549893016175392846813826868386894277415599185592524595395943104997252468084598727364469584865383673622262609912460805124388439
04512441365497627807977156914359977001296160894416948685558484063534220722258284886481584560285060168427394522674676788952521385
22549954666727823986456596116354886230577456498035593634568174324112515076069479451096596094025228879710893145669136867228748940
56010150330861792868092087476091782493858900971490967598526136554978189312978482168299894872265880485756401427047755513237964145
15237462343645428584447952658678210511413547357395231134271661021359695362314429524849371871101457654035902799344037420073105785
39062198387447808478489683321445713868751943506430218453191048481005370614680674919278191197939952061419663428754440643745123718
19217999839101591956181467514269123974894090718649423196156794520809514655022523160388193014209376213785595663893778708303906979
20773467221825625996615014215030680384477345492026054146659252014974428507325186660021324340881907104863317346496514539057962685
61005508106658796998163574736384052571459102897064140110971206280439039759515677157700420337869936007230558763176359421873125147
12053292819182618612586732157919841484882916447060957527069572209175671167229109816909152801735067127485832228718352093539657251
21083579151369882091444210067510334671103141267111369908658516398315019701651511685171437657618351556508849099898599823873455283
31635507647918535893226185489632132933089857064204675259070915481416549859461637180270981994309924488957571282890592323326097299
71208443357326548938239119325974636673058360414281388303203824903758985243744170291327656180937734440307074692112019130203303801
97621101100449293215160842444859637669838952286847831235526582131449576857262433441893039686426243410773226978028073189154411010
44682325271620105265227211166039666557309254711055785376346682065310989652691862056476931257058635662018558100729360659876486117
91045334885034611365768675324944166803962657978771855608455296541266540853061434443185867697514566140680070023787765913440171274
94704205622305389945613140711270004078547332699390814546646458807972708266830634328587856983052358089330657574067954571637752542
02114955761581400250126228594130216471550979259230990796547376125517656751357517829666454779174501129961489030463994713296210734
04375189573596145890193897131117904297828564750320319869151402870808599048010941214722131794764777262241425485454033215718530614
22881375850430633217518297986622371721591607716692547487389866549494501146540628433663937900397692656721463853067360965712091807
63832716641627488880078692560290228472104031721186082041900042296617119637792133757511495950156604963186294726547364252308177036
75159067350235072835405670403867435136222247715891504953098444893330963408780769325993978054193414473774418426312986080998886874
13260472156951623965864573021631598193195167353812974167729478672422924654366800980676928238280689964004824354037014163149658979
40924323789690706977942236250822168895738379862300159377647165122893578601588161755782973523344604281512627203734314653197777416
03199066554187639792933441952154134189948544473456738316249934191318148092777710386387734317720754565453220777092120190516609628
04909263601975988281613323166636528619326686336062735676303544776280350450777235547105859548702790814356240145171806246436267945
61275318134078330336254232783944975382437205835311477119926063813346776879695970309833913077109870408591337464144282277263465947
04745878477872019277152807317679077071572134447306057007334924369311383504931631284042512192565179806941135280131470130478164378
85185290928545201165839341965621349143415956258658655705526904965209858033850722426482939728584783163057777560688876446248246857
92603953527734803048029005876075825104747091643961362676044925627420420832085661190625454337213153595845068772460290161876679524
06163425225771954291629919306455377991403734043287526288896399587947572917464263574552540790914513571113694109119393251910760208
25202618798531887705842972591677813149699009019211697173727847684726860849003377024242916513005005168323364350389517029893922334
51722013812806965011784408745196012122859937162313017114448464090389064495444006198690754851602632750529834918740786680881833851
02283345085048608250393021332197155184306354550076682829493041377655279397517546139539846833936383047461199665385815384205685338
62186725233402830871123282789212507712629463229563989898935821167456270102183564622013496715188190973038119800497340723961036854
06643193950979019069963955245300545058068550195673022921913933918568034490398205955100226353536192041994745538593810234395544959
77837790237421617271117236434354394782218185286240851400666044332588856986705431547069657474585503323233421073015459405165537906
86627333799585115625784322988273723198987571415957811196358330059408730681216028764962867446047746491599505497374256269010490377
81986835938146574126804925648798556145372347867330390468838343634655379498641927056387293174872332083760112302991136793862708943
87993620162951541337142489283072201269014754668476535761647737946752004907571555278196536213239264061601363581559074220202031872
77605277219005561484255518792530343513984425322341576233610642506390497500865627109535919465897514131034822769306247435363256916
07815478181152843667957061108615331504452127473924544945423682886061340841486377670096120715124914043027253860764823634143346235
18975766452164137679690314950191085759844239198629164219399490723623464684411739403265918404437805133389452574239950829659122850
85558215725031071257012668302402929525220118726767562204154205161841634847565169998116141010029960783869092916030288400269104140
79288621507842451670908700069928212066041837180653556725253256753286129104248776182582976515795984703562226293486003415872298053
49896502262917487882027342092222453398562647669149055628425039127577102840279980663658254889264880254566101729670266407655904290
99456815065265305371829412703369313785178609040708667114965583434347693385781711386455873678123014587687126603489139095620099393
61031029161615288138437909904231747336394804575931493140529763475748119356709110137751721008031559024853090669203767192203322909
43346768514221447737939375170344366199104033751117354719185504644902636551281622882446257591633303910722538374218214088350865739
17715096828874782656995995744906617583441375223970968340800535598491754173818839994469748676265516582765848358845314277568790029
09517028352971634456212964043523117600665101241200659755851276178583829204197484423608007193045761893234922927965019875187212726
75079812554709589045563579212210333466974992356302549478024901141952123828153091140790738602515227429958180724716259166854513331
23948049470791191532673430282441860414263639548000448002670496248201792896476697583183271314251702969234889627668440323260927524
96035799646925650493681836090032380929345958897069536534940603402166544375589004563288225054525564056448246515187547119621844396
58253375438856909411303150952617937800297412076651479394259029896959469955657612186561967337862362561252163208628692221032748892
18654364802296780705765615144632046927906821207388377814233562823608963208068222468012248261177185896381409183903673672220888321
51375560037279839400415297002878307667094447456013455641725437090697939612257142989467154357846878861444581231459357198492252847
16050492212424701412147805734551050080190869960330276347870810817545011930714122339086639383395294257869050764310063835198343893
41596131854347546495569781038293097164651438407007073604112373599843452251610507027056235266012764848308407611830130527932054274
62865403603674532865105706587488225698157936789766974220575059683440869735020141020672358502007245225632651341055924019027421624
84391403599895353945909440704691209140938700126456001623742880210927645793106579229552498872758461012648369998922569596881592056
0010165525637567
