31415926535897932384626433832795028841971693993751058209749445923078164062862089986280348253421170679821480865132823066470938446
09550582231725359408128481117450284102701938521105559644622948954930381964428810975665933446128475648233786783165271201909145648
56692346034861045432664821339360726024914127372458700660631558817488152092096282925409171536436789259036001133053054882046652138
41469519415116094330572703657595919530921861173819326117931051185480744623799627495673518857527248912279381830119491298336733624
40656643086021394946395224737190702179860943702770539217176293176752384674818467669405132000568127145263560827785771342757789609
17363717872146844090122495343014654958537105079227968925892354201995611212902196086403441815981362977477130996051870721134999999
83729780499510597317328160963185950244594553469083026425223082533446850352619311881710100031378387528865875332083814206171776691
47303598253490428755468731159562863882353787593751957781857780532171226806613001927876611195909216420198938095257201065485863278
86593615338182796823030195203530185296899577362259941389124972177528347913151557485724245415069595082953311686172785588907509838
17546374649393192550604009277016711390098488240128583616035637076601047101819429555961989467678374494482553797747268471040475346
46208046684259069491293313677028989152104752162056966024058038150193511253382430035587640247496473263914199272604269922796782354
78163600934172164121992458631503028618297455570674983850549458858692699569092721079750930295532116534498720275596023648066549911
98818347977535663698074265425278625518184175746728909777727938000816470600161452491921732172147723501414419735685481613611573525
52133475741849468438523323907394143334547762416862518983569485562099219222184272550254256887671790494601653466804988627232791786
08578438382796797668145410095388378636095068006422512520511739298489608412848862694560424196528502221066118630674427862203919494
50471237137869609563643719172874677646575739624138908658326459958133904780275900994657640789512694683983525957098258226205224894
07726719478268482601476990902640136394437455305068203496252451749399651431429809190659250937221696461515709858387410597885959772
97549893016175392846813826868386894277415599185592524595395943104997252468084598727364469584865383673622262609912460805124388439
04512441365497627807977156914359977001296160894416948685558484063534220722258284886481584560285060168427394522674676788952521385
22549954666727823986456596116354886230577456498035593634568174324112515076069479451096596094025228879710893145669136867228748940
56010150330861792868092087476091782493858900971490967598526136554978189312978482168299894872265880485756401427047755513237964145
15237462343645428584447952658678210511413547357395231134271661021359695362314429524849371871101457654035902799344037420073105785
39062198387447808478489683321445713868751943506430218453191048481005370614680674919278191197939952061419663428754440643745123718
19217999839101591956181467514269123974894090718649423196156794520809514655022523160388193014209376213785595663893778708303906979
20773467221825625996615014215030680384477345492026054146659252014974428507325186660021324340881907104863317346496514539057962685
61005508106658796998163574736384052571459102897064140110971206280439039759515677157700420337869936007230558763176359421873125147
12053292819182618612586732157919841484882916447060957527069572209175671167229109816909152801735067127485832228718352093539657251
21083579151369882091444210067510334671103141267111369908658516398315019701651511685171437657618351556508849099898599823873455283
31635507647918535893226185489632132933089857064204675259070915481416549859461637180270981994309924488957571282890592323326097299
71208443357326548938239119325974636673058360414281388303203824903758985243744170291327656180937734440307074692112019130203303801
97621101100449293215160842444859637669838952286847831235526582131449576857262433441893039686426243410773226978028073189154411010
44682325271620105265227211166039666557309254711055785376346682065310989652691862056476931257058635662018558100729360659876486117
91045334885034611365768675324944166803962657978771855608455296541266540853061434443185867697514566140680070023787765913440171274
94704205622305389945613140711270004078547332699390814546646458807972708266830634328587856983052358089330657574067954571637752542
02114955761581400250126228594130216471550979259230990796547376125517656751357517829666454779174501129961489030463994713296210734
04375189573596145890193897131117904297828564750320319869151402870808599048010941214722131794764777262241425485454033215718530614
22881375850430633217518297986622371721591607716692547487389866549494501146540628433663937900397692656721463853067360965712091807
63832716641627488880078692560290228472104031721186082041900042296617119637792133757511495950156604963186294726547364252308177036
75159067350235072835405670403867435136222247715891504953098444893330963408780769325993978054193414473774418426312986080998886874
13260472156951623965864573021631598193195167353812974167729478672422924654366800980676928238280689964004824354037014163149658979
40924323789690706977942236250822168895738379862300159377647165122893578601588161755782973523344604281512627203734314653197777416
03199066554187639792933441952154134189948544473456738316249934191318148092777710386387734317720754565453220777092120190516609628
04909263601975988281613323166636528619326686336062735676303544776280350450777235547105859548702790814356240145171806246436267945
61275318134078330336254232783944975382437205835311477119926063813346776879695970309833913077109870408591337464144282277263465947
04745878477872019277152807317679077071572134447306057007334924369311383504931631284042512192565179806941135280131470130478164378
85185290928545201165839341965621349143415956258658655705526904965209858033850722426482939728584783163057777560688876446248246857
92603953527734803048029005876075825104747091643961362676044925627420420832085661190625454337213153595845068772460290161876679524
06163425225771954291629919306455377991403734043287526288896399587947572917464263574552540790914513571113694109119393251910760208
25202618798531887705842972591677813149699009019211697173727847684726860849003377024242916513005005168323364350389517029893922334
51722013812806965011784408745196012122859937162313017114448464090389064495444006198690754851602632750529834918740786680881833851
02283345085048608250393021332197155184306354550076682829493041377655279397517546139539846833936383047461199665385815384205685338
62186725233402830871123282789212507712629463229563989898935821167456270102183564622013496715188190973038119800497340723961036854
06643193950979019069963955245300545058068550195673022921913933918568034490398205955100226353536192041994745538593810234395544959
77837790237421617271117236434354394782218185286240851400666044332588856986705431547069657474585503323233421073015459405165537906
86627333799585115625784322988273723198987571415957811196358330059408730681216028764962867446047746491599505497374256269010490377
81986835938146574126804925648798556145372347867330390468838343634655379498641927056387293174872332083760112302991136793862708943
87993620162951541337142489283072201269014754668476535761647737946752004907571555278196536213239264061601363581559074220202031872
77605277219005561484255518792530343513984425322341576233610642506390497500865627109535919465897514131034822769306247435363256916
07815478181152843667957061108615331504452127473924544945423682886061340841486377670096120715124914043027253860764823634143346235
18975766452164137679690314950191085759844239198629164219399490723623464684411739403265918404437805133389452574239950829659122850
85558215725031071257012668302402929525220118726767562204154205161841634847565169998116141010029960783869092916030288400269104140
79288621507842451670908700069928212066041837180653556725253256753286129104248776182582976515795984703562226293486003415872298053
49896502262917487882027342092222453398562647669149055628425039127577102840279980663658254889264880254566101729670266407655904290
99456815065265305371829412703369313785178609040708667114965583434347693385781711386455873678123014587687126603489139095620099393
61031029161615288138437909904231747336394804575931493140529763475748119356709110137751721008031559024853090669203767192203322909
43346768514221447737939375170344366199104033751117354719185504644902636551281622882446257591633303910722538374218214088350865739
17715096828874782656995995744906617583441375223970968340800535598491754173818839994469748676265516582765848358845314277568790029
09517028352971634456212964043523117600665101241200659755851276178583829204197484423608007193045761893234922927965019875187212726
75079812554709589045563579212210333466974992356302549478024901141952123828153091140790738602515227429958180724716259166854513331
23948049470791191532673430282441860414263639548000448002670496248201792896476697583183271314251702969234889627668440323260927524
96035799646925650493681836090032380929345958897069536534940603402166544375589004563288225054525564056448246515187547119621844396
58253375438856909411303150952617937800297412076651479394259029896959469955657612186561967337862362561252163208628692221032748892
18654364802296780705765615144632046927906821207388377814233562823608963208068222468012248261177185896381409183903673672220888321
51375560037279839400415297002878307667094447456013455641725437090697939612257142989467154357846878861444581231459357198492252847
16050492212424701412147805734551050080190869960330276347870810817545011930714122339086639383395294257869050764310063835198343893
41596131854347546495569781038293097164651438407007073604112373599843452251610507027056235266012764848308407611830130527932054274
62865403603674532865105706587488225698157936789766974220575059683440869735020141020672358502007245225632651341055924019027421624
84391403599895353945909440704691209140938700126456001623742880210927645793106579229552498872758461012648369998922569596881592056
00101655256375678566722796619885782794848855834397518744545512965634434803966420557982936804352202770984294232533022576341807039
47699415979159453006975214829336655566156787364005366656416547321704390352132954352916941459904160875320186837937023488868947915
10716378529023452924407736594956305100742108714261349745956151384987137570471017879573104229690666702144986374645952808243694457
89772330048764765241339075920434019634039114732023380715095222010682563427471646024335440051521266932493419673977041595683753555
16673027390074972973635496453328886984406119649616277344951827369558822075735517665158985519098666539354948106887320685990754079
23424023009259007017319603622547564789406475483466477604114632339056513433068449539790709030234604614709616968868850140834704054
60742958699138296682468185710318879065287036650832431974404771855678934823089431068287027228097362480939962706074726455399253994
42808113736943388729406307926159599546262462970706259484556903471197299640908941805953439325123623550813494900436427852713831591
25689892951964272875739469142725343669415323610045373048819855170659412173524625895487301676002988659257866285612496655235338294
28785425340483083307016537228563559152534784459818313411290019992059813522051173365856407826484942764411376393866924803118364453
69858917544264739988228462184490087776977631279572267265556259628254276531830013407092233436577916012809317940171859859993384923
54956400570995585611349802524990669842330173503580440811685526531170995708994273287092584878944364600504108922669178352587078595
12983441729535195378855345737426085902908176515578039059464087350612322611200937310804854852635722825768203416050484662775045003
12620080079980492548534694146977516493270950493463938243222718851597405470214828971117779237612257887347718819682546298126868581
70507402725502633290449762778944236216741191862694396506715157795867564823993917604260176338704549901761436412046921823707648878
34196896861181558158736062938603810171215855272668300823834046564758804051380801633638874216371406435495561868964112282140753302
65510042410489678352858829024367090488711819090949453314421828766181031007354770549815968077200947469613436092861484941785017180
77930681085469000944589952794243981392135055864221964834915126390128038320010977386806628779239718014613432445726400973742570073
59210031541508936793008169980536520276007277496745840028362405346037263416554259027601834840306811381855105979705664007509426087
88573579603732451414678670368809880609716425849759513806930944940151542222194329130217391253835591503100333032511174915696917450
27149433151558854039221640972291011290355218157628232831823425483261119128009282525619020526301639114772473314857391077758744253
87611746578671169414776421441111263583553871361011023267987756410246824032264834641766369806637857681349204530224081972785647198
39630878154322116691224641591177673225326433568614618654522268126887268445968442416107854016768142080885028005414361314623082102
59417375623899420757136275167457318918945628352570441335437585753426986994725470316566139919996826282472706413362221789239031760
85428943733935618891651250424404008952719837873864805847268954624388234375178852014395600571048119498842390606136957342315590796
70346149143447886360410318235073650277859089757827273130504889398900992391350337325085598265586708924261242947367019390772713070
68691709264625484232407485503660801360466895118400936686095463250021458529309500009071510582362672932645373821049387249966993394
24685516483261134146110680267446637334375340764294026682973865220935701626384648528514903629320199199688285171839536691345222444
70804592396602817156551565666111359823112250628905854914509715755390024393153519090210711945730024388017661503527086260253788179
75194780610137150044899172100222013350131060163915415895780371177927752259787428919179155224171895853616805947412341933984202187
45649256443462392531953135103311476394911995072858430658361935369329699289837914941939406085724863968836903265564364216644257607
91471086998431573374964883529276932822076294728238153740996154559879825989109371712621828302584811238901196822142945766758071865
38065064870261338928229949725745303328389638184394477077940228435988341003583854238973542439564755568409522484455413923941000162
07693636846776413017819659379971557468541946334893748439129742391433659360410035234377706588867781139498616478747140793263858738
62473288964564359877466763847946650407411182565837887845485814896296127399841344272608606187245545236064315371011274680977870446
40947582803487697589483282412392929605829486191966709189580898332012103184303401284951162035342801441276172858302435598300320420
24512072872535581195840149180969253395075778400067465526031446167050827682772223534191102634163157147406123850425845988419907611
28725805911393568960143166828317632356732541707342081733223046298799280490851409479036887868789493054695570307261900950207643349
33591060245450864536289354568629585313153371838682656178622736371697577418302398600659148161640494496501173213138957470620884748
02365371031150898427992754426853277974311395143574172219759799359685252285745263796289612691572357986620573408375766873884266405
99099350500081337543245463596750484423528487470144354541957625847356421619813407346854111766883118654489377697956651727966232671
48103386439137518659467300244345005449953997423723287124948347060440634716063258306498297955101095418362350303094530973358344628
39476304775645015008507578949548931393944899216125525597701436858943585877526379625597081677643800125436502371412783467926101995
58522471722017772370041780841942394872540680155603599839054898572354674564239058585021671903139526294455439131663134530893906204
67843877850542393905247313620129476918749751910114723152893267725339181466073000890277689631148109022097245207591672970078505807
17186381054967973100167870850694207092232908070383263453452038027860990556900134137182368370991949516489600755049341267876436746
38490206396401976668559233565463913836318574569814719621084108096188460545603903845534372914144651347494078488442377217515433426
03066988317683310011331086904219390310801437843341513709243530136776310849135161564226984750743032971674696406665315270353254671
12667522460551199581831963763707617991919203579582007595605302346267757943936307463056901080114942714100939136913810725813781357
89400559950018354251184172136055727522103526803735726527922417373605751127887218190844900617801388971077082293100279766593583875
89093956881485602632243937265624727760378908144588378550197028437793624078250527048758164703245812908783952324532378960298416692
25489649715606981192186584926770403956481278102179913217416305810554598801300484562997651121241536374515005635070127815926714241
34210330156616535602473380784302865525722275304999883701534879300806260180962381516136690334111138653851091936739383522934588832
25508870645075394739520439680790670868064450969865488016828743437861264538158342807530618454859037982179945996811544197425363443
99602902510015888272164745006820704193761584547123183460072629339550548239557137256840232268213012476794522644820910235647752723
08208106351889915269288910845557112660396503439789627825001611015323516051965590421184494990778999200732947690586857787872098290
13529566139788848605097860859570177312981553149516814671769597609942100361835591387778176984587581044662839988060061622984861693
53373865787735983361613384133853684211978938900185295691967804554482858483701170967212535338758621582310133103877668272115726949
51817958975469399264219791552338576623167627547570354699414892904130186386119439196283887054367774322427680913236544948536676800
00010652624854730558615989991401707698385483188750142938908995068545307651168033373222651756622075269517914422528081651716677667
27930354851542040238174608923283917032754257508676551178593950027933895920576682789677644531840404185540104351348389531201326378
36928358082719378312654961745997056745071833206503455664403449045362756001125018433560736122276594927839370647842645676338818807
56561216896050416113903906396016202215368494109260538768871483798955999911209916464644119185682770045742434340216722764455893301
27781586869525069499364610175685060167145354315814801054588605645501332037586454858403240298717093480910556211671546848477803944
75697980426318099175642280987399876697323769573701580806822904599212366168902596273043067931653114940176473769387351409336183321
61428021497633991898354848756252987524238730775595559554651963944018218409984124898262367377146722606163364329640633572810707887
58164043814850188411431885988276944901193212968271588841338694346828590066640806314077757725705630729400492940302420498416565479
73670548558044586572022763784046682337985282710578431975354179501134727362577408021347682604502285157979579764746702284099956160
15691089038458245026792659420555039587922981852648007068376504183656209455543461351341525700659748819163413595567196496540321872
71602648593049039787489589066127250794828276938953521753621850796297785146188432719223223810158744450528665238022532843891375273
84589238442253547265309817157844783421582232702069028723233005386216347988509469547200479523112015043293226628272763217790884008
78614802214753765781058197022263097174950721272484794781695729614236585957820908307332335603484653187302930266596450137183754288
97557971449924654038681799213893469244741985097334626793321072686870768062639919361965044099542167627840914669856925715074315740
79380532392523947755744159184582156251819215523370960748332923492103451462643744980559610330799414534778457469999212859999939961
22816152193148887693880222810830019860165494165426169685867883726095877456761825072759929508931805218729246108676399589161458550
58397274209809097817293239301067663868240401113040247007350857828724627134946368531815469690466968693925472519413992914652423857
76255004748529547681479546700705034799958886769501612497228204030399546327883069597624936151010243655535223069061294938859901573
46610237122354789112925476961760050479749280607212680392269110277722610254414922157650450812067717357120271802429681062037765788
37166909109418074487814049075517820385653909910477594141321543284406250301802757169650820964273484146957263978842560084531214065
93580904127113592004197598513625479616063228873618136737324450607924411763997597461938358457491598809766744709300654634242346063
42374746660804317012600520559284936959414340814685298150539471789004518357551541252235905906872648786357525419112888773717663748
60276606349603536794702692322971868327717393236192007774522126247518698334951510198642698878471719396649769070825217423365662725
92844062043021411371992278526998469884770232382384005565551788908766136013047709843861168705231055314916251728373272867600724817
29876375698163354150746088386636406934704372066886512756882661497307886570156850169186474885416791545965072342877306998537139043
00266530783987763850323818215535597323530686043010675760838908627049841888595138091030423595782495143988590113185835840667472370
29714978508414585308578133915627076035639076394731145549583226694570249413983163433237897595568085683629725386791327505554252449
19435891284050452269538121791319145135009938463117740179715122837854601160359554028644059024964669307077690554810288502080858008
78115773817191741776017330738554758006056014337743299012728677253043182519757916792969965041460706645712588834697979642931622965
52016879730003564630457930884032748077181155533090988702550520768046303460865816539487695196004408482065967379473168086415645650
53004988161649057883115434548505266006982309315777650037807046612647060214575057932709620478256152471459189652236083966456241051
95510522357239739512881816405978591427914816542632892004281609136937773722299983327082082969955737727375667615527113922588055201
89887620114168005468736558063347160373429170390798639652296131280178267971728982293607028806908776866059325274637840539769184808
20410219447197138692560841624511239806201131845412447820501107987607171556831540788654390412108730324020106853419472304766667217
49869868547076781205124736792479193150856444775379853799732234456122785843296846647513336573692387201464723679427870042503255589
92688434959287612400755875694641370562514001179713316620715371543600687647731867558714878398908107429530941060596944315847753970
09439883949144323536685392099468796450665339857388878661476294434140104988899316005120767810358861166020296119363968213496075011
16498327856353161451684576956871090029997698412632665023477167286573785790857466460772283415403114415294188047825438761770790430
00156698677679576090996693607559496515273634981189641304331166277471233881740603731743970540670310967676574869535878967003192586
62594105105335843846560233917967492678447637084749783336555790073841914731988627135259546251816043422537299628632674968240580602
96421146386436864224724887283434170441573482481833301640566959668866769563491416328426414974533349999480002669987588815935073578
15195889900539512085351035726137364034367534714104836017546488300407846416745216737190483109676711344349481926268111073994825060
73949507350316901973185211955263563258433909982249862406703107683184466072912487475403161796994113973877658998685541703188477886
75929026070043212666179192235209382278788809886335991160819235355570464634911320859189796132791319756490976000139962344455350143
46426860464495862476909434704829329414041114654092398834443515913320107739441118407410768498106634724104823935827401944935665161
08846312567852977697346843030614624180358529331597345830384554103370109167677637427621021370135485445092630719011473184857492331
81672072137279355679528443925481560913728128406333039373562420016045664557414588166052166608738748047243391212955877763906969037
07882852775389405246075849623157436917113176134783882719416860662572103685132156647800147675231039357860689611125996028183930954
87090590738613519145918195102973278755710497290114871718971800469616977700179139196137914171627070189584692143436967629274591099
40060084983568425201915593703701011049747339493877885989417433031785348707603221982970579751191440510994235883034546353492349826
88362404332726741554030161950568065418093940998202060999414021689090070821330723089662119775530665918814119157783627292746156185
71037217247100952142369648308641025928874579993223749551912219519034244523075351338068568073544649951272031744871954039761073080
60269906258076020292731455252078079914184290638844373499681458273372072663917670201183004648190002413083508846584152148991276106
